┌ (0, 0)
─ (0, 1)
─ (0, 2)
─ (0, 3)
─ (0, 4)
─ (0, 5)
─ (0, 6)
─ (0, 7)
─ (0, 8)
─ (0, 9)
─ (0, 10)
─ (0, 11)
─ (0, 12)
─ (0, 13)
─ (0, 14)
─ (0, 15)
─ (0, 16)
─ (0, 17)
─ (0, 18)
─ (0, 19)
─ (0, 20)
─ (0, 21)
─ (0, 22)
─ (0, 23)
─ (0, 24)
─ (0, 25)
─ (0, 26)
─ (0, 27)
─ (0, 28)
─ (0, 29)
─ (0, 30)
─ (0, 31)
─ (0, 32)
─ (0, 33)
─ (0, 34)
─ (0, 35)
─ (0, 36)
─ (0, 37)
─ (0, 38)
─ (0, 39)
─ (0, 40)
─ (0, 41)
─ (0, 42)
─ (0, 43)
─ (0, 44)
─ (0, 45)
─ (0, 46)
─ (0, 47)
─ (0, 48)
─ (0, 49)
─ (0, 50)
┐ (0, 51)
│ (1, 0)
│ (1, 51)
│ (2, 0)
│ (2, 51)
│ (3, 0)
│ (3, 51)
│ (4, 0)
M (4, 37)
│ (4, 51)
│ (5, 0)
│ (5, 51)
│ (6, 0)
│ (6, 51)
│ (7, 0)
│ (7, 51)
│ (8, 0)
│ (8, 51)
│ (9, 0)
│ (9, 51)
│ (10, 0)
│ (10, 51)
│ (11, 0)
A (11, 49)
A (11, 50)
┴ (11, 51)
│ (12, 0)
A (12, 49)
X (12, 51)
│ (13, 0)
A (13, 49)
A (13, 50)
┬ (13, 51)
│ (14, 0)
│ (14, 51)
│ (15, 0)
│ (15, 51)
│ (16, 0)
│ (16, 51)
│ (17, 0)
│ (17, 51)
│ (18, 0)
│ (18, 51)
│ (19, 0)
│ (19, 51)
│ (20, 0)
X (20, 7)
│ (20, 51)
└ (21, 0)
─ (21, 1)
─ (21, 2)
─ (21, 3)
─ (21, 4)
─ (21, 5)
─ (21, 6)
─ (21, 7)
─ (21, 8)
─ (21, 9)
─ (21, 10)
─ (21, 11)
─ (21, 12)
─ (21, 13)
─ (21, 14)
─ (21, 15)
─ (21, 16)
─ (21, 17)
─ (21, 18)
─ (21, 19)
─ (21, 20)
─ (21, 21)
─ (21, 22)
─ (21, 23)
─ (21, 24)
─ (21, 25)
─ (21, 26)
─ (21, 27)
─ (21, 28)
─ (21, 29)
─ (21, 30)
─ (21, 31)
─ (21, 32)
─ (21, 33)
─ (21, 34)
─ (21, 35)
─ (21, 36)
─ (21, 37)
─ (21, 38)
─ (21, 39)
─ (21, 40)
─ (21, 41)
─ (21, 42)
─ (21, 43)
─ (21, 44)
─ (21, 45)
─ (21, 46)
─ (21, 47)
─ (21, 48)
─ (21, 49)
─ (21, 50)
┘ (21, 51)
{(4, 0), (21, 16), (8, 0), (0, 51), (11, 51), (19, 0), (0, 5), (21, 37), (0, 14), (21, 46), (0, 23), (21, 0), (21, 9), (17, 51), (0, 44), (1, 51), (0, 7), (21, 39), (0, 16), (21, 48), (14, 51), (21, 2), (0, 37), (0, 46), (0, 0), (11, 0), (21, 32), (0, 9), (21, 41), (15, 0), (7, 51), (18, 51), (20, 51), (21, 50), (21, 4), (0, 30), (0, 39), (17, 0), (9, 51), (0, 48), (21, 25), (0, 2), (13, 51), (21, 34), (21, 43), (12, 49), (0, 32), (0, 41), (5, 0), (10, 51), (0, 50), (11, 50), (21, 18), (21, 27), (21, 36), (21, 45), (7, 0), (18, 0), (0, 25), (0, 34), (3, 51), (0, 43), (21, 11), (21, 20), (9, 0), (21, 29), (21, 38), (13, 0), (16, 51), (21, 47), (0, 18), (0, 27), (0, 36), (0, 45), (21, 13), (21, 22), (21, 31), (21, 40), (1, 0), (6, 51), (21, 49), (0, 11), (0, 20), (0, 29), (20, 7), (0, 38), (21, 6), (3, 0), (14, 0), (19, 51), (0, 47), (21, 15), (21, 24), (13, 50), (21, 33), (21, 42), (0, 4), (16, 0), (0, 13), (0, 22), (20, 0), (12, 51), (0, 31), (0, 40), (21, 8), (11, 49), (21, 17), (21, 26), (21, 35), (0, 6), (0, 15), (0, 24), (0, 33), (21, 1), (0, 42), (4, 37), (21, 10), (21, 19), (21, 28), (10, 0), (2, 51), (15, 51), (0, 8), (0, 17), (0, 26), (0, 35), (12, 0), (4, 51), (21, 3), (21, 12), (21, 21), (8, 51), (21, 30), (0, 1), (0, 10), (0, 19), (21, 51), (0, 28), (21, 5), (5, 51), (21, 14), (21, 23), (13, 49), (0, 49), (0, 3), (2, 0), (0, 12), (21, 44), (0, 21), (6, 0), (21, 7)}
┌──────────────────────────────────────────────────┐
│                                                  │
│                                                  │
│                                                  │
│                                    M             │
│                                                  │
│                                                  │
│                                                  │
│                                                  │
│                                                  │
│                                                  │
│                                                AA┴
│                                                A X
│                                                AA┬
│                                                  │
│                                                  │
│                                                  │
│                                                  │
│                                                  │
│                                                  │
│      X                                           │
└──────────────────────────────────────────────────┘

